-9.66015398788305	 -35.729647359357564
-9.652174154037438 	-35.69825350608212
-9.630876729523333	-35.69777865579632
-9.664310931648690	-35.74378701983050
-9.66153611263287	-35.696510647792564
-9.670681602167221	-35.71816701723714
-10.044326156641725	-36.030612589255185
-10.122036241391356	 -36.109528988324236
-10.1256526453319	-36.17610593164743
-9.717488395142672	-35.80636345395178
-9.768905725021115	 -35.83967846756251
-9.774763264713757	-35.84841173980382
-9.623419193994938	-37.75176341570531
-9.603938545397204	-37.768763344152475
-9.608838761838351	 -37.76265044543369
-10.123666960638895	-36.17510258385294
-10.15661910910569	 -36.15657002289733
-10.156034446788695	-36.13638948670895
-10.405078252177827	-36.421531944590576
-10.406428957194903	 -36.43161705035134
-10.407188726151919 	-36.431488304328056
-9.844987363783254	 -35.90415287224232
-9.838003927711725	 -35.891343275629616
-9.815738728298694	 -35.87577913078137
-9.417520045870432	-35.50377840826322
-9.391612429024603	-35.49697917304245
-9.392374550238006	-35.49633544257086
-9.312226157651144	-35.41510244584865
-9.308794029996596	 -35.410839774271594
-9.310715479903346	 -35.41366894009575
-9.27074082132888	-35.37515446574966
-9.266357073342121	-35.369425267579885
-9.262142694025064	-35.37058398178946
-9.016478917440695	-35.22311040422505
-9.01349075891847	-35.22141524824942
-9.00689976859454	-35.217520680751925
-9.468413489852372	-35.552147265835856
-9.466720258333153	-35.5465682714935
-9.469979721577811	-35.55021607548665
-9.18844114242989	-35.31665414563589
-9.15674854972541	 -35.296336030639395
-3.8467043085908093	 -32.410638632540454
-9.086826333190496	-35.25657962915403
-9.089941011660464	-35.25969099138343
-9.08782218571481	 -35.25737356296429
-9.308498933205705	-35.94560919240646
-9.3071860738351	-35.93912897590109
-10.289046627120415	-36.57813298591004
-10.28980668035308	-36.586029408671536
-10.19230145161583	-36.19371851640607
-9.372027243841272	 -37.99420413591547
-9.372365984051815	-37.99763736239842
-9.393643391461657	-38.00307691225499
-9.497524579831913	-37.829204026413564
-9.497664679739325	-37.82988557291119
-9.14352635054714	 -36.03772037859007
-9.164085693290934	 -35.98196047549286
-9.75739654239056	-36.65150511512371
-9.746907331882102	-36.664551378816626
-9.752046326112046	-36.65582261585981
-9.40764328667981	-36.63096505383941
-9.42407009806094	-36.63628655589632
-9.749476094042024	 -37.432415258772345
-9.738415009031334	-35.83691384005869
-9.230840834838748	-37.3511406012604
-9.046255688639855	-35.40258549245818
