-10.501495498115	-36.39202189633300
-9.770839308030850	-35.84011407101150
-10.29298215639120	-36.38254239875330
-9.422923814281850	-38.18364442418620
-9.052625970739520	-35.39862627192890
-9.837291337981660	-35.88734955809880
-9.860191399295910	-35.90477367573740
-9.846369062076260	-35.902710960157400
-9.715935142496530	-35.89323552577020
-9.69605517159951	-35.78017068629510
-9.689629830288220	-35.7740021361158
-9.663804940803400	-35.70506599504110
-9.663231211607800	-35.69554174977270
-9.645197409785890	-35.69911006554310
-9.639008218137070	-35.69823170529150
-9.725187250511680	-35.81040557079710
-9.684157820717670	-35.7909040573705
-9.616385251873340	-35.6892400574223
-9.592104374645870	-35.6684891874493
-9.587708856914540	-35.66379677251350
-9.57586287770571	-35.65513227160370
-9.565450491957560	-35.64521684335300
-9.530799943419160	-35.60425662092510
-9.468266480043100	-35.54533137786860
-9.441077777777770	-35.51667222222220
-9.407983333333330	-35.499397222222200
-9.342365569046030	-35.45636998021790
-9.337552549557390	-35.441208119289100
-9.312291666666660	-35.41439166666660
-9.30025	-35.39619444444440
-9.28285	-35.38444722222222
-9.267183333333334	-35.365275
-9.241678036645325	-35.34517723464643
-9.15447371865362	-35.29664273016874
-9.218319763861746	-35.333222584534695
-9.124719444444445	-35.27596111111111
-9.08806844490116	-35.25649443789593
-9.055030555555556	-35.24203888888889
-9.013878501019068	-35.22163662993029
-8.982194444444444	-35.19010833333332
-8.933294444444442	-35.165927777777775
-10.16046311090442	-36.13507983572668
-10.29005555555556	-36.58501944444445
-9.6218825445163	-37.79669725119823
-9.524379113521995	-37.880862433312075
-9.63009767944081	-37.78477457681713
-9.166170626409865	-36.07376853803474
-9.623580555555556	-37.753575
-9.757856403650669	-36.67804561552743
-9.399229987515682	-36.64005626300982
-10.43052475533403	-36.35689135426813
-10.35737222222222	-36.29753888888889
-9.749994444444443	-37.44783055555556
-9.832689365322173	-35.96290077550888
-9.742008333333333	-35.81918055555556
-9.730505555555556	-35.83674444444445
-9.302308333333334	-35.93376944444443
-9.962242007599597	-36.03339956736791
-10.0057816511157	-36.00574653464852
-10.04873162326102	-36.03071226432748
-9.896063888888888	-35.93333888888888
-9.970298050279787	-35.97873161538342
-9.865202777777778	-35.91451111111111
-10.073283333333329	-36.04771666666667
-10.03516388888889	-36.07081666666667
-10.00996357731433	-36.0595398413095
-10.132409221414248	-36.11348919634497
-10.16031346768886	-36.15787684389203
-10.02392474925802	-36.01530393352079
-10.20200351147078	-36.18983410021873
-10.299417599063709	-36.29105216943741
-9.241088178882157	-37.33956914033417
-9.67596111111111	-35.949425
-9.671161111111111	-37.65946388888889
-9.624969444444446	-37.75410277777777
-9.251077604599729	-35.79233790697499
-9.672125	-35.72384722222223
-9.821813002420145	-35.87679175783768
-9.473230893857409	 -35.55241929746833
-9.671443446395447	-37.66044506309587
